0,4
1,4
2,0
3,2
4,4
5,4
6,4
7,1
8,2
9,4
10,2
11,1
12,4
13,2
14,2
15,2
16,4
17,1
18,4
19,1
20,4
21,4
22,1
23,1
24,4
25,4
26,4
27,4
28,4
29,0
30,2
31,4
32,4
33,2
34,4
35,4
36,4
37,4
38,3
39,4
40,3
41,4
42,4
43,2
44,4
45,4
46,4
47,4
48,0
49,4
50,4
51,4
52,4
53,0
54,4
55,4
56,0
57,4
58,4
59,2
60,4
61,4
62,4
63,4
64,4
65,4
66,4
67,0
68,4
69,4
70,4
71,4
72,4
73,1
74,4
75,4
76,4
77,4
78,4
79,1
80,4
81,4
82,4
83,4
84,4
85,2
86,4
87,4
88,4
89,4
90,4
91,4
92,4
93,4
94,4
95,4
96,4
97,4
98,4
99,4
100,4
101,3
102,4
103,0
104,4
105,4
106,4
107,4
108,4
109,4
110,4
111,4
112,4
113,4
114,4
115,4
116,4
117,4
118,2
119,4
120,4
121,4
122,4
123,4
124,4
125,4
126,4
127,4
128,0
129,2
130,0
131,4
132,0
133,4
134,4
135,2
136,0
137,4
138,4
139,4
140,4
141,0
142,0
143,4
144,0
145,4
146,4
147,4
148,4
149,4
150,4
151,1
152,4
153,0
154,4
155,4
156,2
157,4
158,4
159,0
160,3
161,4
162,4
163,4
164,2
165,4
166,4
167,4
168,4
169,4
170,4
171,4
172,2
173,4
174,2
175,2
176,4
177,0
178,4
179,4
180,4
181,4
182,1
183,4
184,2
185,4
186,4
187,2
188,4
189,4
190,4
191,4
192,4
193,4
194,4
195,4
196,4
197,4
198,4
199,4
200,3
201,4
202,3
203,4
204,4
205,4
206,4
207,4
208,4
209,4
210,1
211,0
212,0
213,4
214,4
215,1
216,3
217,2
218,4
219,4
220,4
221,4
222,2
223,4
224,4
225,4
226,3
227,4
228,4
229,4
230,4
231,4
232,2
233,4
234,4
235,4
236,2
237,2
238,0
239,4
240,4
241,4
242,2
243,4
244,4
245,0
246,4
247,4
248,4
249,4
250,0
251,4
252,4
253,4
254,4
255,4
256,4
257,4
258,4
259,4
260,4
261,4
262,0
263,0
264,2
265,4
266,0
267,4
268,4
269,1
270,4
271,0
272,1
273,0
274,4
275,4
276,4
277,4
278,4
279,4
280,4
281,4
282,4
283,4
284,4
285,1
286,4
287,2
288,4
289,4
290,4
291,0
292,4
293,4
294,4
295,4
296,4
297,4
298,1
299,4
300,0
301,4
302,4
303,4
304,4
305,4
306,4
307,4
308,0
309,4
310,4
311,4
312,2
313,4
314,4
315,4
316,4
317,4
318,4
319,4
320,4
321,4
322,4
323,4
324,4
325,4
326,0
327,3
328,4
329,4
330,0
331,4
332,4
333,4
334,2
335,4
336,4
337,4
338,4
339,4
340,4
341,4
342,0
343,4
344,2
345,4
346,2
347,4
348,4
349,4
350,4
351,4
352,4
353,4
354,1
355,4
356,4
357,2
358,4
359,4
360,0
361,3
362,4
363,4
364,0
365,4
366,0
367,4
368,4
369,0
370,4
371,4
372,4
373,4
374,0
375,2
376,4
377,4
378,4
379,4
380,4
381,4
382,4
383,4
384,4
385,4
386,4
387,4
388,4
389,4
390,4
391,4
392,0
393,4
394,4
395,4
396,4
397,4
398,4
399,0
400,4
401,4
402,0
403,2
404,4
405,0
406,4
407,4
408,4
409,2
410,4
411,4
412,4
413,4
414,0
415,4
416,0
417,4
418,4
419,4
420,4
421,0
422,4
423,0
424,4
425,4
426,4
427,4
428,4
429,4
430,4
431,2
432,0
433,4
434,4
435,4
436,4
437,4
438,4
439,4
440,4
441,2
442,0
443,4
444,4
445,4
446,4
447,4
448,0
449,4
450,4
451,4
452,4
453,4
454,4
455,2
456,4
457,2
458,2
459,4
460,0
461,4
462,4
463,0
464,4
465,4
466,4
467,4
468,0
469,4
470,4
471,0
472,4
473,4
474,4
475,1
476,2
477,4
478,4
479,4
480,1
481,4
482,2
483,0
484,4
485,4
486,4
487,2
488,4
489,1
490,4
491,1
492,4
493,4
494,4
495,4
496,4
497,2
498,4
499,4
500,4
501,4
502,4
503,4
504,0
505,0
506,4
507,1
508,4
509,4
510,0
511,4
512,4
513,4
514,3
515,4
516,4
517,1
518,4
519,0
520,4
521,4
522,4
523,0
524,4
525,4
526,4
527,0
528,4
529,4
530,4
531,4
532,4
533,4
534,4
535,4
536,4
537,4
538,4
539,4
540,4
541,4
542,4
543,4
544,0
545,4
546,4
547,4
548,4
549,4
550,0
551,1
552,0
553,4
554,4
555,4
556,0
557,0
558,4
559,4
560,4
561,3
562,4
563,4
564,4
565,4
566,4
567,1
568,4
569,4
570,4
571,0
572,2
573,2
574,0
575,4
576,4
577,4
578,4
579,0
580,2
581,0
582,4
583,2
584,4
585,4
586,2
587,4
588,4
589,4
590,4
591,0
592,0
593,0
594,1
595,4
596,4
597,4
598,4
599,4
600,4
601,4
602,4
603,4
604,4
605,1
606,4
607,4
608,4
609,4
610,0
611,4
612,4
613,4
614,4
615,4
616,4
617,4
618,2
619,4
620,2
621,4
622,2
623,0
624,4
625,4
626,0
627,4
628,4
629,4
630,4
631,4
632,0
633,4
634,0
635,4
636,4
637,4
638,4
639,4
640,4
641,0
642,4
643,2
644,4
645,0
646,2
647,4
648,2
649,0
650,1
651,4
652,4
653,4
654,4
655,2
656,1
657,4
658,4
659,1
660,4
661,4
662,4
663,4
664,4
665,2
666,4
667,4
668,4
669,4
670,4
671,4
672,2
673,4
674,4
675,4
676,0
677,2
678,4
679,4
680,2
681,4
682,4
683,0
684,4
685,0
686,4
687,2
688,4
689,2
690,4
691,4
692,0
693,2
694,4
695,0
696,4
697,0
698,4
699,4
700,1
701,4
702,4
703,4
704,4
705,4
706,4
707,2
708,0
709,2
710,4
711,4
712,3
713,2
714,0
715,2
716,4
717,0
718,3
719,1
720,4
721,4
722,4
723,4
724,2
725,2
726,4
727,4
728,4
729,4
730,4
731,2
732,0
733,2
734,4
735,4
736,4
737,4
738,4
739,4
740,4
741,4
742,4
743,1
744,2
745,4
746,2
747,4
748,4
749,0
750,1
751,4
752,4
753,4
754,0
755,4
756,1
757,4
758,4
759,4
760,4
761,4
762,4
763,1
764,4
765,0
766,4
767,4
768,2
769,4
770,3
771,4
772,4
773,1
774,4
775,2
776,4
777,4
778,2
779,4
780,0
781,4
782,4
783,4
784,4
785,2
786,4
787,2
788,4
789,4
790,4
791,4
792,2
793,4
794,4
795,4
796,0
797,0
798,2
799,4
800,4
801,1
802,4
803,4
804,4
805,3
806,4
807,0
808,4
809,4
810,0
811,4
812,4
813,4
814,0
815,2
816,4
817,1
818,0
819,4
820,0
821,0
822,4
823,0
824,4
825,4
826,4
827,4
828,0
829,2
830,4
831,4
832,4
833,4
834,4
835,1
836,4
837,1
838,4
839,4
840,4
841,0
842,1
843,4
844,1
845,2
846,0
847,4
848,4
849,4
850,4
851,4
852,1
853,2
854,4
855,4
856,4
857,4
858,0
859,4
860,4
861,4
862,0
863,4
864,0
865,4
866,4
867,4
868,4
869,2
870,4
871,0
872,4
873,0
874,4
875,4
876,4
877,0
878,4
879,0
880,4
881,4
882,4
883,2
884,1
885,1
886,4
887,4
888,4
889,4
890,4
891,0
892,1
893,2
894,4
895,0
896,4
897,1
898,4
899,4
900,4
901,0
902,4
903,4
904,1
905,1
906,1
907,4
908,4
909,4
910,4
911,2
912,4
913,0
914,4
915,1
916,4
917,2
918,2
919,1
920,1
921,4
922,4
923,3
924,0
925,2
926,3
927,1
928,2
929,4
930,3
931,4
932,4
933,4
934,4
935,4
936,1
937,4
938,4
939,4
940,4
941,4
942,1
943,4
944,1
945,1
946,1
947,4
948,3
949,1
950,0
951,3
952,1
953,1
954,3
955,3
956,4
957,2
958,0
959,0
960,4
961,4
962,4
963,4
964,4
965,4
966,4
967,4
968,4
969,2
970,4
971,4
972,4
973,4
974,4
975,1
976,4
977,4
978,3
979,0
980,3
981,3
982,4
983,1
984,1
985,2
986,1
987,2
988,1
989,3
990,2
991,0
992,4
993,0
994,1
995,4
996,1
997,2
998,4
999,4
1000,4
1001,1
1002,2
1003,1
1004,4
1005,1
1006,3
1007,4
1008,1
1009,1
1010,3
1011,1
1012,1
1013,1
1014,2
1015,4
1016,3
1017,4
1018,4
1019,1
1020,3
1021,1
1022,1
1023,3
1024,0
1025,1
1026,2
1027,2
1028,3
1029,1
1030,2
1031,0
1032,0
1033,3
1034,4
1035,4
1036,0
1037,3
1038,3
1039,1
1040,4
1041,4
1042,4
1043,2
1044,0
1045,4
1046,4
1047,4
1048,1
1049,4
1050,2
1051,0
1052,4
1053,0
1054,4
1055,4
1056,4
1057,0
1058,0
1059,1
1060,0
1061,4
1062,4
1063,4
1064,4
1065,0
1066,4
1067,4
1068,0
1069,4
1070,4
1071,4
1072,4
1073,0
1074,4
1075,4
1076,4
1077,0
1078,4
1079,0
1080,0
1081,0
1082,4
1083,3
1084,2
1085,0
1086,0
1087,0
1088,4
1089,4
1090,4
1091,4
1092,0
1093,0
1094,4
1095,4
1096,4
1097,0
1098,0
1099,4
1100,0
1101,0
1102,4
1103,0
1104,0
1105,4
1106,1
1107,4
1108,1
1109,0
1110,2
1111,4
1112,0
1113,4
1114,4
1115,4
1116,0
1117,4
1118,4
1119,4
1120,4
1121,0
1122,4
1123,4
1124,0
1125,4
1126,4
1127,0
1128,4
1129,0
1130,4
1131,4
1132,4
1133,2
1134,0
1135,4
1136,4
1137,0
1138,4
1139,4
1140,0
1141,4
1142,4
1143,4
1144,4
1145,0
1146,0
1147,4
1148,4
1149,4
1150,4
1151,4
1152,4
1153,4
1154,4
1155,4
1156,0
1157,4
1158,0
1159,0
1160,0
1161,0
1162,2
1163,2
1164,0
1165,0
1166,4
1167,0
1168,0
1169,4
1170,4
1171,0
1172,2
1173,4
1174,4
1175,4
1176,0
1177,1
1178,0
1179,0
1180,4
1181,3
1182,4
1183,4
1184,4
1185,4
1186,4
1187,4
1188,4
1189,0
1190,4
1191,0
1192,4
1193,0
1194,0
1195,0
1196,0
1197,0
1198,0
1199,0
1200,0
1201,4
1202,0
1203,0
1204,4
1205,0
1206,3
1207,0
1208,0
1209,4
1210,0
1211,0
1212,0
1213,0
1214,0
1215,4
1216,0
1217,0
1218,0
1219,0
1220,0
1221,0
1222,0
1223,4
1224,4
1225,0
1226,4
1227,0
1228,0
1229,0
1230,4
1231,0
1232,0
1233,0
1234,0
1235,0
1236,4
1237,0
1238,4
1239,0
1240,0
1241,0
1242,4
1243,4
1244,0
1245,0
1246,4
1247,0
1248,0
1249,4
1250,0
1251,0
1252,0
1253,0
1254,2
1255,0
1256,0
1257,4
1258,4
1259,0
1260,0
1261,4
1262,4
1263,0
1264,4
1265,0
1266,4
1267,0
1268,0
1269,4
1270,4
1271,0
1272,4
1273,0
1274,0
1275,0
1276,4
1277,4
1278,4
1279,4
1280,0
1281,0
1282,0
1283,0
1284,4
1285,0
1286,4
1287,0
1288,4
1289,0
1290,0
1291,0
1292,4
1293,0
1294,0
1295,0
1296,0
1297,0
1298,0
1299,0
1300,0
1301,0
1302,4
1303,0
1304,4
1305,0
1306,0
1307,3
1308,4
1309,0
1310,0
1311,0
1312,4
1313,0
1314,0
1315,0
1316,0
1317,4
1318,4
1319,0
1320,0
1321,0
1322,4
1323,0
1324,0
1325,0
1326,0
1327,0
1328,4
1329,0
1330,4
1331,0
1332,0
1333,0
1334,0
1335,4
1336,0
1337,0
1338,1
1339,0
1340,1
1341,0
1342,4
1343,0
1344,0
1345,0
1346,0
1347,0
1348,0
1349,0
1350,4
1351,2
1352,4
1353,0
1354,0
1355,0
1356,0
1357,0
1358,4
1359,0
1360,0
1361,0
1362,0
1363,0
1364,4
1365,0
1366,0
1367,0
1368,4
1369,4
1370,0
1371,4
1372,0
1373,4
1374,4
1375,0
1376,0
1377,3
1378,4
1379,4
1380,4
1381,4
1382,0
1383,4
1384,0
1385,0
1386,0
1387,0
1388,4
1389,0
1390,4
1391,0
1392,4
1393,0
1394,0
1395,0
1396,0
1397,0
1398,0
1399,0
1400,0
1401,0
1402,0
1403,0
1404,0
1405,4
1406,4
1407,0
1408,0
1409,4
1410,0
1411,4
1412,0
1413,4
1414,0
1415,0
1416,0
1417,4
1418,0
1419,1
1420,0
1421,0
1422,0
1423,4
1424,0
1425,0
1426,4
1427,0
1428,4
1429,4
1430,0
1431,4
1432,4
1433,4
1434,0
1435,4
1436,4
1437,4
1438,0
1439,0
1440,0
1441,4
1442,0
1443,4
1444,4
1445,0
1446,0
1447,4
1448,4
1449,4
1450,0
1451,4
1452,3
1453,4
1454,0
1455,0
1456,4
1457,2
1458,0
1459,0
1460,0
1461,0
1462,4
1463,0
1464,0
1465,0
1466,4
1467,0
1468,0
1469,4
1470,1
1471,0
1472,0
1473,0
1474,0
1475,0
1476,0
1477,0
1478,0
1479,0
1480,0
1481,0
1482,4
1483,0
1484,4
1485,0
1486,0
1487,0
1488,0
1489,0
1490,0
1491,4
1492,0
1493,4
1494,0
1495,0
1496,0
1497,0
1498,0
1499,0
1500,0
1501,4
1502,0
1503,0
1504,0
1505,0
1506,0
1507,0
1508,0
1509,2
1510,4
1511,4
1512,4
1513,0
1514,0
1515,0
1516,0
1517,0
1518,0
1519,4
1520,4
1521,4
1522,0
1523,0
1524,0
1525,0
1526,0
1527,0
1528,0
1529,4
1530,4
1531,0
1532,3
1533,0
1534,0
1535,0
1536,0
1537,4
1538,4
1539,0
1540,0
1541,0
1542,4
1543,1
1544,4
1545,0
1546,0
1547,0
1548,4
1549,0
1550,4
1551,0
1552,4
1553,2
1554,0
1555,0
1556,0
1557,0
1558,4
1559,0
1560,4
1561,0
1562,0
1563,4
1564,0
1565,0
1566,4
1567,0
1568,4
1569,0
1570,0
1571,0
1572,0
1573,4
1574,0
1575,4
1576,0
1577,0
1578,0
1579,0
1580,0
1581,0
1582,0
1583,4
1584,0
1585,0
1586,4
1587,0
1588,4
1589,0
1590,0
1591,0
1592,0
1593,0
1594,0
1595,0
1596,4
1597,0
1598,4
1599,0
1600,0
1601,4
1602,4
1603,4
1604,4
1605,3
1606,0
1607,0
1608,0
1609,4
1610,0
1611,4
1612,4
1613,0
1614,4
1615,3
1616,0
1617,0
1618,0
1619,0
1620,4
1621,0
1622,0
1623,0
1624,4
1625,4
1626,0
1627,0
1628,0
1629,4
1630,0
1631,0
1632,0
1633,4
1634,4
1635,0
1636,0
1637,0
1638,0
1639,0
1640,0
1641,0
1642,0
1643,4
1644,0
1645,0
1646,4
1647,0
1648,0
1649,0
1650,0
1651,0
1652,0
1653,0
1654,4
1655,4
1656,0
1657,0
1658,0
1659,0
1660,0
1661,4
1662,0
1663,4
1664,0
1665,0
1666,0
1667,0
1668,0
1669,0
1670,0
1671,4
1672,0
1673,4
1674,0
1675,4
1676,0
1677,0
1678,0
1679,4
1680,4
1681,0
1682,4
1683,0
1684,2
1685,0
1686,0
1687,0
1688,0
1689,0
1690,4
1691,0
1692,0
1693,0
1694,0
1695,4
1696,0
1697,0
1698,0
1699,0
1700,0
1701,0
1702,0
1703,0
1704,4
1705,0
1706,0
1707,0
1708,0
1709,0
1710,0
1711,0
1712,0
1713,4
1714,0
1715,0
1716,4
1717,0
1718,0
1719,4
1720,4
1721,0
1722,4
1723,0
1724,0
1725,0
1726,4
1727,0
1728,0
1729,4
1730,0
1731,0
1732,0
1733,0
1734,0
1735,0
1736,0
1737,0
1738,0
1739,0
1740,4
1741,0
1742,4
1743,0
1744,4
1745,0
1746,0
1747,2
1748,0
1749,4
1750,0
1751,0
1752,0
1753,0
1754,1
1755,0
1756,0
1757,0
1758,0
1759,0
1760,0
1761,4
1762,0
1763,4
1764,0
1765,0
1766,0
1767,0
1768,0
1769,4
1770,0
1771,0
1772,4
1773,4
1774,0
1775,0
1776,0
1777,0
1778,0
1779,0
1780,0
1781,0
1782,0
1783,0
1784,0
1785,2
1786,4
1787,0
1788,0
1789,0
1790,0
1791,0
1792,0
1793,4
1794,0
1795,0
1796,0
1797,0
1798,4
1799,0
1800,0
1801,4
1802,0
1803,0
1804,0
1805,0
1806,0
1807,0
1808,0
1809,4
1810,0
1811,0
1812,0
1813,4
1814,0
1815,4
1816,4
1817,0
1818,0
1819,0
1820,4
1821,0
1822,0
1823,0
1824,4
1825,0
1826,4
1827,0
1828,4
1829,0
1830,4
1831,0
1832,0
1833,4
1834,4
1835,0
1836,0
1837,0
1838,0
1839,0
1840,0
1841,0
1842,0
1843,0
1844,0
1845,0
1846,0
1847,4
1848,0
1849,0
1850,4
1851,4
1852,4
1853,0
1854,4
1855,0
1856,0
1857,2
1858,4
1859,0
1860,4
1861,0
1862,0
1863,4
1864,0
1865,0
1866,0
1867,0
1868,0
1869,4
1870,4
1871,1
1872,0
1873,0
1874,0
1875,1
1876,4
1877,4
1878,0
1879,0
1880,0
1881,4
1882,0
1883,0
1884,4
1885,4
1886,0
1887,4
1888,0
1889,0
1890,4
1891,0
1892,0
1893,0
1894,0
1895,0
1896,0
1897,0
1898,4
1899,4
1900,0
1901,0
1902,4
1903,4
1904,0
1905,0
1906,4
1907,4
1908,0
1909,4
1910,0
1911,0
1912,0
1913,0
1914,0
1915,0
1916,0
1917,4
1918,2
1919,4
1920,4
1921,4
1922,0
1923,4
1924,0
1925,0
1926,0
1927,4
1928,0
1929,4
1930,0
1931,4
1932,0
1933,4
1934,0
1935,0
1936,1
1937,0
1938,4
1939,0
1940,4
1941,0
1942,0
1943,0
1944,4
1945,4
1946,4
1947,0
1948,0
1949,0
1950,4
1951,0
1952,4
1953,0
1954,0
1955,0
1956,4
1957,4
1958,2
1959,0
1960,0
1961,0
1962,4
1963,0
1964,4
1965,0
1966,0
1967,4
1968,0
1969,0
1970,0
1971,4
1972,2
1973,4
1974,4
1975,0
1976,0
1977,4
1978,0
1979,4
1980,0
1981,0
1982,0
1983,0
1984,0
1985,0
1986,0
1987,0
1988,4
1989,0
1990,4
1991,0
1992,4
1993,0
1994,4
1995,4
1996,0
1997,4
1998,0
1999,0
2000,4
2001,0
2002,0
2003,0
2004,0
2005,0
2006,0
2007,2
2008,0
2009,0
2010,0
2011,0
2012,0
2013,4
2014,0
2015,0
2016,4
2017,4
2018,0
2019,4
2020,0
2021,4
2022,0
2023,0
2024,0
2025,4
2026,0
2027,0
2028,4
2029,4
2030,0
2031,0
2032,0
2033,0
2034,0
2035,0
2036,0
2037,4
2038,4
2039,0
2040,0
2041,4
2042,0
2043,0
2044,0
2045,0
2046,0
2047,0
2048,0
2049,0
2050,0
2051,0
2052,1
2053,0
2054,4
2055,0
2056,0
2057,4
2058,4
2059,0
2060,0
2061,0
2062,0
2063,0
2064,0
2065,0
2066,0
2067,0
2068,0
2069,1
2070,0
2071,4
2072,4
2073,0
2074,0
2075,0
2076,4
2077,2
2078,4
2079,4
2080,0
2081,4
2082,4
2083,4
2084,0
2085,0
2086,0
2087,0
2088,4
2089,0
2090,0
2091,4
2092,4
2093,0
2094,0
2095,4
2096,0
2097,1
2098,4
2099,0
2100,4
2101,0
2102,0
2103,0
2104,3
2105,4
2106,4
2107,0
2108,0
2109,0
2110,0
2111,0
2112,0
2113,0
2114,4
2115,0
2116,0
2117,0
2118,0
2119,0
2120,0
2121,0
2122,0
2123,0
2124,4
2125,0
2126,0
2127,0
2128,0
2129,4
2130,0
2131,0
2132,0
2133,0
2134,4
2135,0
2136,4
2137,4
2138,0
2139,1
2140,0
2141,4
2142,4
2143,0
2144,0
2145,0
2146,4
2147,4
2148,0
2149,0
2150,4
2151,0
2152,4
2153,0
2154,0
2155,0
2156,4
2157,0
2158,4
2159,4
2160,4
2161,0
2162,4
2163,0
2164,0
2165,0
2166,4
2167,2
2168,4
2169,1
2170,0
2171,4
2172,2
2173,4
2174,0
2175,0
2176,0
2177,0
2178,0
2179,4
2180,4
2181,0
2182,2
2183,0
2184,0
2185,0
2186,0
2187,4
2188,0
2189,0
2190,0
2191,4
2192,4
2193,0
2194,4
2195,0
2196,0
2197,0
2198,4
2199,4
2200,2
2201,0
2202,4
2203,0
2204,0
2205,0
2206,0
2207,0
2208,4
2209,4
2210,0
2211,0
2212,0
2213,0
2214,2
2215,0
2216,4
2217,0
2218,4
2219,0
2220,0
2221,4
2222,0
2223,0
2224,0
2225,0
2226,0
2227,4
2228,0
2229,4
2230,0
2231,0
2232,0
2233,4
2234,0
2235,0
2236,0
2237,0
2238,0
2239,0
2240,4
2241,0
2242,0
2243,0
2244,0
2245,0
2246,0
2247,4
2248,0
2249,4
2250,0
2251,0
2252,0
2253,4
2254,4
2255,4
2256,0
2257,0
2258,0
2259,0
2260,0
2261,0
2262,0
2263,4
2264,4
2265,0
2266,4
2267,0
2268,4
2269,4
2270,0
2271,0
2272,4
2273,4
2274,0
2275,0
2276,0
2277,0
2278,4
2279,4
2280,0
2281,0
2282,0
2283,4
2284,4
2285,0
2286,0
2287,0
2288,4
2289,4
2290,0
2291,0
2292,0
2293,0
2294,0
2295,0
2296,4
2297,4
2298,4
2299,4
2300,0
2301,0
2302,0
2303,4
2304,4
2305,0
2306,1
2307,4
2308,0
2309,4
2310,4
2311,0
2312,0
2313,4
2314,0
2315,0
2316,4
2317,0
2318,0
2319,0
2320,0
2321,0
2322,0
2323,0
2324,4
2325,0
2326,4
2327,0
2328,4
2329,0
2330,0
2331,0
2332,4
2333,0
2334,0
2335,0
2336,0
2337,0
2338,4
2339,0
2340,4
2341,0
2342,3
2343,4
2344,4
2345,1
2346,0
2347,0
2348,0
2349,4
2350,0
2351,4
2352,0
2353,0
2354,0
2355,0
2356,4
2357,4
2358,4
2359,4
2360,0
2361,4
2362,4
2363,0
2364,0
2365,0
2366,0
2367,0
2368,0
2369,0
2370,0
2371,0
2372,1
2373,4
2374,0
2375,0
2376,0
2377,2
2378,0
2379,4
2380,4
2381,4
2382,4
2383,2
2384,4
2385,0
2386,0
2387,0
2388,4
2389,0
2390,4
2391,0
2392,4
2393,0
2394,0
2395,1
2396,0
2397,0
2398,4
2399,4
2400,0
2401,0
2402,0
2403,4
2404,4
2405,1
2406,0
2407,0
2408,0
2409,0
2410,4
2411,0
2412,0
2413,0
2414,4
2415,0
2416,4
2417,2
2418,4
2419,0
2420,0
2421,0
2422,0
2423,4
2424,4
2425,0
2426,4
2427,4
2428,0
2429,4
2430,0
2431,4
2432,0
2433,0
2434,0
2435,0
2436,0
2437,0
2438,0
2439,0
2440,4
2441,4
2442,4
2443,4
2444,0
2445,0
2446,4
2447,4
2448,0
2449,0
2450,0
2451,4
2452,0
2453,4
2454,2
2455,0
2456,4
2457,4
2458,4
2459,0
2460,0
2461,0
2462,0
2463,4
2464,4
2465,0
2466,0
2467,0
2468,0
2469,0
2470,0
2471,0
2472,4
2473,0
2474,0
2475,0
2476,4
2477,0
2478,0
2479,0
2480,0
2481,0
2482,0
2483,0
2484,0
2485,0
2486,0
2487,0
2488,4
2489,4
2490,4
2491,4
2492,0
2493,4
2494,0
2495,0
2496,0
2497,0
2498,2
2499,0
2500,0
2501,0
2502,4
2503,4
2504,0
2505,0
2506,4
2507,4
2508,4
2509,1
2510,4
2511,0
2512,4
2513,0
2514,0
2515,4
2516,0
2517,4
2518,0
2519,2
2520,4
2521,3
2522,0
2523,0
2524,4
2525,4
2526,4
2527,0
2528,0
2529,0
2530,4
2531,0
2532,4
2533,4
2534,0
2535,0
2536,4
2537,4
2538,0
2539,0
2540,4
2541,4
2542,0
2543,4
2544,4
2545,0
2546,0
2547,4
2548,4
2549,0
2550,4
2551,4
2552,1
2553,4
2554,0
2555,0
2556,0
2557,4
2558,4
2559,4
2560,0
2561,2
2562,0
2563,0
2564,0
2565,4
2566,0
2567,4
2568,0
2569,4
2570,0
2571,0
2572,0
2573,0
2574,0
2575,4
2576,0
2577,0
2578,4
2579,4
2580,0
2581,4
2582,4
2583,0
2584,0
2585,4
2586,0
2587,4
2588,0
2589,0
2590,0
2591,4
2592,2
2593,4
2594,0
2595,0
2596,4
2597,0
2598,4
2599,2
2600,0
2601,0
2602,4
2603,0
2604,3
2605,0
2606,0
2607,0
2608,0
2609,0
2610,4
2611,0
2612,0
2613,4
2614,4
2615,4
2616,4
2617,4
2618,0
2619,0
2620,0
2621,0
2622,0
2623,0
2624,0
2625,0
2626,0
2627,4
2628,0
2629,4
2630,4
2631,4
2632,4
2633,4
2634,4
2635,4
2636,0
2637,0
2638,0
2639,1
2640,0
2641,0
2642,0
2643,4
2644,0
2645,0
2646,0
2647,0
2648,0
2649,0
2650,0
2651,4
2652,0
2653,4
2654,0
2655,0
2656,4
2657,4
2658,0
2659,0
2660,4
2661,4
2662,0
2663,4
2664,0
2665,0
2666,0
2667,4
2668,4
2669,0
2670,0
2671,4
2672,0
2673,4
2674,0
2675,0
2676,0
2677,0
2678,0
2679,0
2680,0
2681,0
2682,0
2683,4
2684,0
2685,0
2686,0
2687,4
2688,0
2689,0
2690,4
2691,0
2692,4
2693,0
2694,0
2695,0
2696,0
2697,4
2698,4
2699,0
2700,4
2701,0
2702,4
2703,4
2704,4
2705,0
2706,0
2707,0
2708,0
2709,0
2710,0
2711,4
2712,0
2713,0
2714,0
2715,0
2716,0
2717,0
2718,0
2719,0
2720,4
2721,0
2722,0
2723,0
2724,0
2725,2
2726,4
2727,4
2728,0
2729,4
2730,4
2731,4
2732,0
2733,0
2734,0
2735,0
2736,0
2737,4
2738,0
2739,0
2740,0
2741,0
2742,0
2743,4
2744,0
2745,0
2746,0
2747,4
2748,0
2749,4
2750,0
2751,4
2752,4
2753,0
2754,0
2755,4
2756,0
2757,0
2758,0
2759,0
2760,4
2761,0
2762,0
2763,0
2764,0
2765,0
2766,0
2767,0
2768,4
2769,0
2770,4
2771,0
2772,4
2773,0
2774,0
2775,0
2776,0
2777,2
2778,0
2779,4
2780,0
2781,3
2782,0
2783,0
2784,0
2785,0
2786,0
2787,0
2788,0
2789,4
2790,0
2791,0
2792,2
2793,0
2794,1
2795,0
2796,0
2797,4
2798,4
2799,0
2800,0
2801,4
2802,0
2803,0
2804,2
2805,0
2806,0
2807,0
2808,0
2809,4
2810,4
2811,0
2812,0
2813,0
2814,4
2815,4
2816,0
2817,0
2818,0
2819,4
2820,4
2821,2
2822,0
2823,1
2824,3
2825,4
2826,0
2827,0
2828,0
2829,4
2830,0
2831,4
2832,0
2833,0
2834,1
2835,4
2836,0
2837,0
2838,4
2839,4
2840,0
2841,0
2842,0
2843,0
2844,0
2845,0
2846,0
2847,0
2848,2
2849,4
2850,4
2851,0
2852,4
2853,1
2854,0
2855,0
2856,0
2857,0
2858,0
2859,4
2860,4
2861,0
2862,0
2863,0
2864,0
2865,0
2866,0
2867,0
2868,4
2869,0
2870,0
2871,0
2872,0
2873,0
2874,4
2875,0
2876,4
2877,0
2878,0
2879,4
2880,0
2881,0
2882,4
2883,0
2884,4
2885,4
2886,4
2887,4
2888,0
2889,0
2890,0
2891,4
2892,0
2893,0
2894,4
2895,0
2896,0
2897,4
2898,0
2899,4
2900,4
2901,0
2902,0
2903,0
2904,4
2905,4
2906,0
2907,0
2908,4
2909,2
2910,1
2911,0
2912,4
2913,0
2914,0
2915,0
2916,4
2917,4
2918,0
2919,0
2920,0
2921,4
2922,0
2923,0
2924,4
2925,0
2926,0
2927,4
2928,4
2929,0
2930,0
2931,0
2932,0
2933,0
2934,0
2935,0
2936,4
2937,0
2938,0
2939,1
2940,1
2941,0
2942,0
2943,4
2944,4
2945,2
2946,4
2947,0
2948,0
2949,0
2950,0
2951,0
2952,0
2953,4
2954,4
2955,0
2956,0
2957,4
2958,0
2959,0
2960,4
2961,0
2962,0
2963,0
2964,0
2965,4
2966,1
2967,0
2968,4
2969,2
2970,0
2971,0
2972,0
2973,4
2974,0
2975,0
2976,4
2977,4
2978,4
2979,4
2980,0
2981,4
2982,0
2983,0
2984,0
2985,0
2986,0
2987,4
2988,0
2989,0
2990,0
2991,0
2992,4
2993,0
2994,4
2995,0
2996,0
2997,4
2998,4
2999,0
3000,4
3001,4
3002,4
3003,0
3004,0
3005,0
3006,0
3007,4
3008,4
3009,4
3010,0
3011,0
3012,4
3013,4
3014,0
3015,0
3016,0
3017,0
3018,4
3019,0
3020,0
3021,0
3022,0
3023,0
3024,0
3025,0
3026,4
3027,0
3028,0
3029,0
3030,4
3031,2
3032,0
3033,0
3034,0
3035,0
3036,0
3037,4
3038,4
3039,0
3040,0
3041,4
3042,4
3043,4
3044,0
3045,4
3046,4
3047,0
3048,0
3049,0
3050,0
3051,0
3052,0
3053,0
3054,0
3055,0
3056,4
3057,0
3058,0
3059,4
3060,4
3061,0
3062,4
3063,0
3064,0
3065,0
3066,0
3067,0
3068,0
3069,0
3070,4
3071,0
3072,4
3073,4
3074,4
3075,0
3076,0
3077,0
3078,0
3079,0
3080,3
3081,4
3082,4
3083,4
3084,0
3085,0
3086,4
3087,4
3088,4
3089,4
3090,0
3091,0
3092,0
3093,0
3094,2
3095,0
3096,0
3097,0
3098,4
3099,4
3100,0
3101,0
3102,4
3103,0
3104,4
3105,0
3106,4
3107,4
3108,4
3109,0
3110,0
3111,4
3112,0
3113,0
3114,2
3115,4
3116,4
3117,0
3118,2
3119,4
3120,0
3121,0
3122,0
3123,4
3124,4
3125,4
3126,0
3127,0
3128,4
3129,4
3130,2
3131,0
3132,4
3133,0
3134,4
3135,2
3136,0
3137,4
3138,0
3139,4
3140,4
3141,0
3142,0
3143,0
3144,0
3145,0
3146,0
3147,4
3148,0
3149,0
3150,4
3151,4
3152,4
3153,2
3154,0
3155,0
3156,0
3157,0
3158,4
3159,4
3160,0
3161,0
3162,4
3163,4
3164,0
3165,0
3166,2
3167,0
3168,4
3169,0
3170,4
3171,0
3172,0
3173,0
3174,0
3175,4
3176,0
3177,0
3178,4
3179,0
3180,0
3181,0
3182,0
3183,0
3184,4
3185,4
3186,0
3187,0
3188,0
3189,0
3190,0
3191,0
3192,0
3193,0
3194,0
3195,0
3196,0
3197,0
3198,0
3199,0
3200,2
3201,4
3202,0
3203,0
3204,2
3205,0
3206,4
3207,4
3208,0
3209,4
3210,0
3211,0
3212,0
3213,4
3214,0
3215,0
3216,0
3217,2
3218,2
3219,4
3220,0
3221,0
3222,0
3223,4
3224,0
3225,4
3226,0
3227,0
3228,4
3229,0
3230,4
3231,0
3232,4
3233,0
3234,0
3235,0
3236,0
3237,0
3238,4
3239,0
3240,4
3241,0
3242,4
3243,4
3244,4
3245,0
3246,0
3247,0
3248,0
3249,0
3250,0
3251,0
3252,0
3253,0
3254,0
3255,0
3256,1
3257,4
3258,4
3259,4
3260,0
3261,4
3262,0
3263,4
3264,4
3265,2
3266,0
3267,0
3268,0
3269,0
3270,0
3271,4
3272,0
3273,4
3274,0
3275,0
3276,4
3277,0
3278,0
3279,4
3280,0
3281,4
3282,4
3283,0
3284,0
3285,0
3286,0
3287,0
3288,0
3289,0
3290,2
3291,0
3292,0
3293,0
3294,0
3295,4
3296,4
3297,0
3298,0
3299,0
3300,4
3301,0
3302,0
3303,0
3304,4
3305,4
3306,4
3307,0
3308,4
3309,0
3310,0
3311,4
3312,4
3313,0
3314,4
3315,0
3316,4
3317,0
3318,4
3319,0
3320,2
3321,0
3322,0
3323,0
3324,1
3325,0
3326,0
3327,0
3328,0
3329,4
3330,4
3331,4
3332,0
3333,4
3334,0
3335,4
3336,0
3337,0
3338,4
3339,1
3340,4
3341,0
3342,0
3343,0
3344,2
3345,4
3346,0
3347,4
3348,4
3349,0
3350,4
3351,0
3352,4
3353,4
3354,4
3355,4
3356,4
3357,0
3358,0
3359,4
3360,4
3361,4
3362,0
3363,0
3364,0
3365,0
3366,4
3367,0
3368,0
3369,0
3370,4
3371,0
3372,4
3373,0
3374,0
3375,0
3376,2
3377,0
3378,0
3379,4
3380,0
3381,0
3382,4
3383,0
3384,0
3385,4
3386,0
3387,4
3388,0
3389,0
3390,4
3391,0
3392,0
3393,4
3394,0
3395,0
3396,0
3397,0
3398,4
3399,0
3400,4
3401,4
3402,0
3403,4
3404,0
3405,0
3406,4
3407,4
3408,4
3409,0
3410,4
3411,0
3412,0
3413,0
3414,0
3415,0
3416,0
3417,0
3418,0
3419,1
3420,0
3421,0
3422,4
3423,0
3424,0
3425,0
3426,0
3427,4
3428,0
3429,0
3430,0
3431,0
3432,0
3433,4
3434,4
3435,0
3436,0
3437,4
3438,4
3439,0
3440,0
3441,4
3442,0
3443,0
3444,0
3445,0
3446,0
3447,0
3448,0
3449,0
3450,4
3451,0
3452,0
3453,0
3454,0
3455,0
3456,2
3457,0
3458,0
3459,0
3460,0
3461,0
3462,4
3463,0
3464,4
3465,0
3466,0
3467,0
3468,4
3469,0
3470,0
3471,0
3472,4
3473,0
3474,4
3475,0
3476,0
3477,0
3478,4
3479,0
3480,0
3481,4
3482,0
3483,0
3484,4
3485,0
3486,4
3487,4
3488,4
3489,4
3490,0
3491,0
3492,0
3493,0
3494,4
3495,0
3496,4
3497,0
3498,4
3499,0
3500,0
3501,1
3502,0
3503,0
3504,0
3505,0
3506,0
3507,4
3508,0
3509,4
3510,0
3511,0
3512,0
3513,0
3514,0
3515,0
3516,0
3517,0
3518,4
3519,0
3520,0
3521,4
3522,0
3523,0
3524,0
3525,0
3526,0
3527,0
3528,2
3529,0
3530,0
3531,0
3532,4
3533,0
3534,0
3535,0
3536,0
3537,2
3538,4
3539,0
3540,0
3541,0
3542,0
3543,0
3544,0
3545,0
3546,0
3547,2
3548,4
3549,4
3550,0
3551,0
3552,0
3553,4
3554,4
3555,0
3556,0
3557,0
3558,0
3559,0
3560,4
3561,0
3562,0
3563,0
3564,4
3565,0
3566,0
3567,4
3568,0
3569,0
3570,1
3571,0
3572,4
3573,4
3574,0
3575,0
3576,0
3577,0
3578,0
3579,4
3580,0
3581,0
3582,1
3583,0
3584,0
3585,0
3586,4
3587,0
3588,4
3589,4
3590,0
3591,0
3592,2
3593,0
3594,0
3595,0
3596,0
3597,0
3598,0
3599,0
3600,0
3601,4
3602,0
3603,0
3604,0
3605,0
3606,0
3607,4
3608,0
3609,0
3610,2
3611,4
3612,2
3613,0
3614,4
3615,0
3616,4
3617,4
3618,0
3619,0
3620,4
3621,4
3622,0
3623,0
3624,0
3625,0
3626,2
3627,4
3628,4
3629,0
3630,0
3631,0
3632,0
3633,0
3634,4
3635,0
3636,0
3637,0
3638,0
3639,0
3640,3
3641,0
3642,0
3643,0
3644,0
3645,0
3646,0
3647,0
3648,0
3649,2
3650,0
3651,4
3652,4
3653,4
3654,0
3655,0
3656,0
3657,0
3658,0
3659,0
3660,0
3661,0
3662,2
3663,0
3664,0
3665,0
3666,4
3667,0
3668,0
3669,4
3670,0
3671,2
3672,0
3673,0
3674,0
3675,0
3676,0
3677,4
3678,0
3679,0
3680,4
3681,0
3682,4
3683,0
3684,0
3685,0
3686,0
3687,0
3688,0
3689,0
3690,0
3691,0
3692,4
3693,2
3694,0
3695,0
3696,0
3697,0
3698,0
3699,4
3700,4
3701,0
3702,2
3703,0
3704,4
3705,0
3706,4
3707,0
3708,0
3709,0
3710,0
3711,0
3712,0
3713,4
3714,4
3715,2
3716,0
3717,0
3718,0
3719,0
3720,0
3721,4
3722,0
3723,4
3724,2
3725,0
3726,4
3727,2
3728,0
3729,0
3730,4
3731,0
3732,0
3733,4
3734,0
3735,0
3736,0
3737,4
3738,0
3739,4
3740,4
3741,0
3742,0
3743,4
3744,0
3745,0
3746,0
3747,2
3748,0
3749,0
3750,0
3751,0
3752,0
3753,2
3754,0
3755,0
3756,0
3757,0
3758,0
3759,0
3760,0
3761,0
3762,0
3763,4
3764,0
3765,4
3766,4
3767,0
3768,4
3769,0
3770,4
3771,0
3772,0
3773,0
3774,0
3775,0
3776,4
3777,0
3778,0
3779,0
3780,4
3781,0
3782,0
3783,0
3784,4
3785,0
3786,0
3787,4
3788,0
3789,0
3790,0
3791,0
3792,0
3793,0
3794,0
3795,0
3796,0
3797,4
3798,0
3799,0
3800,0
3801,0
3802,0
3803,0
3804,0
3805,4
3806,0
3807,0
3808,0
3809,0
3810,4
3811,0
3812,0
3813,4
3814,0
3815,0
3816,0
3817,1
3818,0
3819,0
3820,0
3821,0
3822,4
3823,4
3824,0
3825,0
3826,4
3827,0
3828,1
3829,0
3830,4
3831,0
3832,4
3833,0
3834,4
3835,4
3836,0
3837,0
3838,4
3839,0
3840,0
3841,4
3842,4
3843,0
3844,0
3845,0
3846,0
3847,0
3848,4
3849,0
3850,0
3851,4
3852,2
3853,0
3854,0
3855,0
3856,0
3857,3
3858,4
3859,0
3860,0
3861,4
3862,4
3863,0
3864,0
3865,4
3866,0
3867,0
3868,0
3869,0
3870,0
3871,0
3872,1
3873,4
3874,0
3875,0
3876,0
3877,0
3878,0
3879,0
3880,0
3881,4
3882,4
3883,0
3884,0
3885,0
3886,1
3887,0
3888,4
3889,0
3890,0
3891,3
3892,0
3893,4
3894,0
3895,4
3896,4
3897,0
3898,4
3899,4
3900,4
3901,1
3902,0
3903,4
3904,0
3905,0
3906,0
3907,4
3908,4
3909,0
3910,0
3911,0
3912,4
3913,4
3914,0
3915,0
3916,4
3917,0
3918,0
3919,4
3920,0
3921,4
3922,4
3923,0
3924,4
3925,0
3926,0
3927,4
3928,0
3929,0
3930,0
3931,0
3932,0
3933,0
3934,3
3935,0
3936,0
3937,4
3938,0
3939,0
3940,4
3941,4
3942,2
3943,0
3944,1
3945,0
3946,0
3947,0
3948,0
3949,2
3950,0
3951,0
3952,0
3953,0
3954,4
3955,4
3956,0
3957,0
3958,4
3959,0
3960,2
3961,0
3962,4
3963,4
3964,0
3965,0
3966,0
3967,0
3968,0
3969,0
3970,2
3971,0
3972,0
3973,0
3974,0
3975,0
3976,0
3977,4
3978,4
3979,0
3980,0
3981,0
3982,0
3983,0
3984,2
3985,4
3986,0
3987,0
3988,0
3989,0
3990,4
3991,0
3992,0
3993,0
3994,4
3995,4
3996,0
3997,2
3998,0
3999,0
4000,0
4001,4
4002,0
4003,0
4004,0
4005,0
4006,0
4007,0
4008,0
4009,2
4010,0
4011,4
4012,0
4013,2
4014,0
4015,2
4016,4
4017,0
4018,0
4019,0
4020,4
4021,0
4022,4
4023,1
4024,4
4025,0
4026,0
4027,0
4028,4
4029,0
4030,0
4031,0
4032,0
4033,4
4034,4
4035,0
4036,0
4037,4
4038,4
4039,4
4040,0
4041,0
4042,4
4043,1
4044,1
4045,4
4046,0
4047,0
4048,4
4049,0
4050,0
4051,4
4052,4
4053,4
4054,0
4055,0
4056,0
4057,0
4058,0
4059,4
4060,4
4061,0
4062,4
4063,4
4064,4
4065,0
4066,0
4067,0
4068,0
4069,0
4070,4
4071,0
4072,0
4073,0
4074,0
4075,2
4076,4
4077,4
4078,0
4079,4
4080,0
4081,0
4082,0
4083,0
4084,0
4085,0
4086,0
4087,2
4088,4
4089,0
4090,0
4091,0
4092,4
4093,0
4094,0
4095,4
4096,2
4097,3
4098,2
4099,0
4100,4
4101,0
4102,0
4103,0
4104,0
4105,0
4106,2
4107,2
4108,4
4109,0
4110,2
4111,0
4112,4
4113,0
4114,4
4115,0
4116,0
4117,4
4118,4
4119,4
4120,4
4121,4
4122,0
4123,2
4124,0
4125,3
4126,4
4127,0
4128,0
4129,0
4130,0
4131,4
4132,0
4133,4
4134,4
4135,1
4136,2
4137,4
4138,4
4139,3
4140,4
4141,1
4142,0
4143,4
4144,4
4145,0
4146,1
4147,2
4148,0
4149,4
4150,4
4151,4
4152,2
4153,2
4154,4
4155,4
4156,1
4157,2
4158,1
4159,4
4160,0
4161,0
4162,2
4163,0
4164,4
4165,1
4166,4
4167,1
4168,1
4169,0
4170,4
4171,4
4172,2
4173,3
4174,3
4175,0
4176,1
4177,4
4178,3
4179,4
4180,0
4181,2
4182,0
4183,4
4184,2
4185,1
4186,1
4187,4
4188,1
4189,0
4190,4
4191,3
4192,4
4193,1
4194,1
4195,1
4196,4
4197,1
4198,4
4199,4
4200,3
4201,4
4202,1
4203,4
4204,0
4205,1
4206,1
4207,2
4208,4
4209,4
4210,1
4211,4
4212,3
4213,4
4214,0
4215,4
4216,4
4217,2
4218,2
4219,1
4220,1
4221,0
4222,4
4223,3
4224,1
4225,3
4226,4
4227,2
4228,2
4229,4
4230,1
4231,2
4232,1
4233,3
4234,2
4235,1
4236,4
4237,1
4238,0
4239,0
4240,1
4241,3
4242,2
4243,3
4244,1
4245,1
4246,1
4247,4
4248,1
4249,1
4250,1
4251,1
4252,1
4253,1
4254,1
4255,1
4256,3
4257,3
4258,1
4259,4
4260,1
4261,1
4262,1
4263,2
4264,1
4265,3
4266,1
4267,2
4268,1
4269,4
4270,1
4271,1
4272,1
4273,3
4274,1
4275,0
4276,1
4277,3
4278,3
4279,1
4280,1
4281,0
4282,3
4283,3
4284,4
4285,3
4286,1
4287,3
4288,3
4289,3
4290,2
4291,1
4292,1
4293,1
4294,3
4295,1
4296,1
4297,3
4298,3
4299,1
4300,2
4301,4
4302,1
4303,4
4304,3
4305,0
4306,1
4307,1
4308,1
4309,3
4310,3
4311,1
4312,1
4313,3
4314,4
4315,1
4316,2
4317,0
4318,2
4319,1
4320,3
4321,3
4322,0
4323,3
4324,1
4325,1
4326,3
4327,0
4328,1
4329,4
4330,1
4331,1
4332,3
4333,1
4334,1
4335,0
4336,3
4337,1
4338,1
4339,4
4340,1
4341,1
4342,3
4343,1
4344,3
4345,3
4346,1
4347,4
4348,2
4349,1
4350,2
4351,1
4352,2
4353,1
4354,3
4355,1
4356,1
4357,1
4358,0
4359,3
4360,1
4361,3
4362,4
4363,3
4364,1
4365,1
4366,4
4367,3
4368,1
4369,3
4370,2
4371,3
4372,1
4373,1
4374,1
4375,1
4376,3
4377,3
4378,1
4379,3
4380,1
4381,1
4382,3
4383,4
4384,4
4385,1
4386,2
4387,0
4388,3
4389,1
4390,1
4391,4
4392,4
4393,1
4394,1
4395,1
4396,1
4397,2
4398,1
4399,1
4400,0
4401,1
4402,0
4403,3
4404,4
4405,1
4406,1
4407,2
4408,3
4409,1
4410,2
4411,0
4412,0
4413,2
4414,0
4415,1
4416,1
4417,2
4418,1
4419,0
4420,0
4421,3
4422,1
4423,1
4424,0
4425,0
4426,3
4427,1
4428,4
4429,0
4430,2
4431,4
4432,1
4433,1
4434,3
4435,1
4436,1
4437,1
4438,4
4439,1
4440,3
4441,1
4442,1
4443,1
4444,3
4445,1
4446,1
4447,1
4448,1
4449,1
4450,1
4451,1
4452,1
4453,1
4454,3
4455,1
4456,1
4457,2
4458,4
4459,1
4460,0
4461,3
4462,3
4463,3
4464,0
4465,3
4466,1
4467,3
4468,1
4469,1
4470,1
4471,1
4472,1
4473,1
4474,2
4475,1
4476,3
4477,1
4478,1
4479,0
4480,1
4481,2
4482,3
4483,1
4484,1
4485,2
4486,1
4487,1
4488,1
4489,3
4490,2
4491,1
4492,1
4493,1
4494,0
4495,2
4496,1
4497,3
4498,0
4499,3
4500,1
4501,3
4502,1
4503,1
4504,4
4505,3
4506,4
4507,1
4508,4
4509,2
4510,3
4511,3
4512,2
4513,1
4514,1
4515,1
4516,3
4517,1
4518,4
4519,2
4520,1
4521,1
4522,1
4523,3
4524,1
4525,1
4526,1
4527,1
4528,1
4529,1
4530,1
4531,1
4532,0
4533,3
4534,4
4535,0
4536,4
4537,4
4538,1
4539,1
4540,1
4541,4
4542,1
4543,3
4544,0
4545,1
4546,3
4547,4
4548,4
4549,4
4550,1
4551,1
4552,1
4553,1
4554,1
4555,3
4556,1
4557,1
4558,1
4559,1
4560,1
4561,1
4562,4
4563,1
4564,4
4565,3
4566,1
4567,2
4568,1
4569,0
4570,1
4571,3
4572,4
4573,0
4574,1
4575,1
4576,1
4577,4
4578,2
4579,1
4580,1
4581,3
4582,3
4583,1
4584,1
4585,1
4586,4
4587,3
4588,1
4589,2
4590,1
4591,4
4592,1
4593,1
4594,1
4595,1
4596,3
4597,1
4598,1
4599,1
4600,1
4601,1
4602,2
4603,3
4604,1
4605,2
4606,1
4607,3
4608,0
4609,2
4610,1
4611,1
4612,1
4613,4
4614,3
4615,2
4616,1
4617,3
4618,0
4619,3
4620,1
4621,2
4622,3
4623,3
4624,1
4625,1
4626,1
4627,1
4628,1
4629,1
4630,1
4631,3
4632,2
4633,1
4634,1
4635,3
4636,1
4637,0
4638,3
4639,2
4640,1
4641,1
4642,4
4643,3
4644,2
4645,0
4646,3
4647,1
4648,1
4649,1
4650,1
4651,1
4652,1
4653,2
4654,1
4655,1
4656,4
4657,0
4658,0
4659,2
4660,2
4661,0
4662,1
4663,1
4664,2
4665,3
4666,1
4667,1
4668,1
4669,4
4670,1
4671,3
4672,1
4673,4
4674,1
4675,1
4676,3
4677,4
4678,3
4679,2
4680,1
4681,4
4682,1
4683,1
4684,1
4685,1
4686,1
4687,3
4688,0
4689,1
4690,1
4691,0
4692,1
4693,1
4694,1
4695,2
4696,1
4697,1
4698,3
4699,2
4700,1
4701,1
4702,0
4703,1
4704,1
4705,3
4706,1
4707,2
4708,0
4709,2
4710,3
4711,3
4712,4
4713,1
4714,1
4715,1
4716,2
4717,0
4718,1
4719,4
4720,1
4721,2
4722,1
4723,2
4724,0
4725,1
4726,3
4727,2
4728,2
4729,2
4730,1
4731,1
4732,1
4733,1
4734,2
4735,1
4736,1
4737,1
4738,1
4739,3
4740,4
4741,3
4742,1
4743,1
4744,2
4745,1
4746,1
4747,3
4748,1
4749,3
4750,1
4751,1
4752,3
4753,1
4754,1
4755,1
4756,0
4757,1
4758,1
4759,1
4760,0
4761,1
4762,1
4763,1
4764,3
4765,1
4766,0
4767,1
4768,1
4769,1
4770,3
4771,1
4772,1
4773,4
4774,4
4775,1
4776,2
4777,1
4778,3
4779,0
4780,1
4781,1
4782,3
4783,1
4784,1
4785,2
4786,1
4787,0
4788,1
4789,1
4790,4
4791,1
4792,1
4793,3
4794,1
4795,4
4796,1
4797,3
4798,3
4799,1
4800,3
4801,3
4802,1
4803,1
4804,1
4805,1
4806,4
4807,1
4808,1
4809,1
4810,1
4811,2
4812,3
4813,2
4814,2
4815,0
4816,1
4817,2
4818,2
4819,3
4820,1
4821,1
4822,1
4823,3
4824,1
4825,1
4826,1
4827,1
4828,1
4829,3
4830,4
4831,1
4832,1
4833,4
4834,1
4835,3
4836,1
4837,1
4838,1
4839,4
4840,2
4841,1
4842,1
4843,1
4844,4
4845,1
4846,4
4847,2
4848,1
4849,1
4850,1
4851,0
4852,1
4853,1
4854,1
4855,3
4856,1
4857,1
4858,3
4859,2
4860,1
4861,3
4862,1
4863,4
4864,1
4865,1
4866,1
4867,1
4868,3
4869,3
4870,1
4871,0
4872,0
4873,1
4874,3
4875,1
4876,1
4877,2
4878,3
4879,1
4880,1
4881,1
4882,1
4883,4
4884,4
4885,1
4886,0
4887,1
4888,1
4889,1
4890,1
4891,1
4892,2
4893,1
4894,1
4895,1
4896,4
4897,1
4898,1
4899,1
4900,3
4901,1
4902,2
4903,1
4904,2
4905,1
4906,1
4907,1
4908,1
4909,4
4910,1
4911,2
4912,1
4913,1
4914,1
4915,1
4916,1
4917,1
4918,3
4919,4
4920,0
4921,1
4922,0
4923,0
4924,1
4925,1
4926,4
4927,1
4928,3
4929,1
4930,3
4931,1
4932,1
4933,2
4934,1
4935,1
4936,4
4937,3
4938,0
4939,3
4940,1
4941,0
4942,1
4943,1
4944,1
4945,3
4946,4
4947,4
4948,1
4949,3
4950,1
4951,3
4952,1
4953,3
4954,0
4955,1
4956,1
4957,3
4958,1
4959,1
4960,1
4961,1
4962,3
4963,1
4964,3
4965,1
4966,0
4967,3
4968,1
4969,1
4970,1
4971,0
4972,1
4973,1
4974,1
4975,3
4976,1
4977,3
4978,2
4979,1
4980,1
4981,0
4982,1
4983,1
4984,1
4985,1
4986,3
4987,1
4988,4
4989,1
4990,1
4991,1
4992,1
4993,1
4994,1
4995,1
4996,0
4997,3
4998,3
4999,1
5000,3
5001,2
5002,1
5003,1
5004,0
5005,3
5006,1
5007,3
5008,4
5009,0
5010,4
5011,1
5012,1
5013,4
5014,1
5015,1
5016,1
5017,3
5018,1
5019,1
5020,3
5021,1
5022,1
5023,0
5024,3
5025,2
5026,1
5027,2
5028,1
5029,1
5030,1
5031,1
5032,1
5033,3
5034,3
5035,3
5036,3
5037,1
5038,4
5039,3
5040,3
5041,3
5042,4
5043,4
5044,3
5045,4
5046,3
5047,1
5048,1
5049,0
5050,1
5051,0
5052,1
5053,1
5054,3
5055,1
5056,3
5057,2
5058,1
5059,1
5060,2
5061,1
5062,1
5063,0
5064,3
5065,1
5066,2
5067,2
5068,1
5069,1
5070,0
5071,1
5072,3
5073,4
5074,1
5075,3
5076,3
5077,1
5078,4
5079,0
5080,4
5081,2
5082,1
5083,1
5084,1
5085,0
5086,0
5087,1
5088,1
5089,1
5090,4
5091,3
5092,1
5093,1
5094,1
5095,1
5096,0
5097,1
5098,1
5099,1
5100,1
5101,1
5102,3
5103,0
5104,1
5105,1
5106,1
5107,3
5108,1
5109,0
5110,1
5111,3
5112,1
5113,4
5114,4
5115,1
5116,1
5117,1
5118,1
5119,4
5120,1
5121,3
5122,1
5123,0
5124,3
5125,3
5126,3
5127,1
5128,1
5129,1
5130,1
5131,1
5132,1
5133,2
5134,1
5135,1
5136,1
5137,1
5138,1
5139,1
5140,1
5141,1
5142,1
5143,0
5144,1
5145,1
5146,2
5147,1
5148,3
5149,4
5150,1
5151,1
5152,3
5153,1
5154,1
5155,3
5156,1
5157,3
5158,1
5159,1
5160,0
5161,1
5162,3
5163,3
5164,1
5165,1
5166,2
5167,0
5168,1
5169,1
5170,1
5171,4
5172,3
5173,1
5174,0
5175,4
5176,2
5177,3
5178,1
5179,1
5180,2
5181,1
5182,0
5183,1
5184,1
5185,1
5186,1
5187,1
5188,2
5189,4
5190,3
5191,1
5192,2
5193,1
5194,1
5195,1
5196,3
5197,3
5198,1
5199,1
5200,4
5201,1
5202,1
5203,0
5204,3
5205,2
5206,3
5207,1
5208,1
5209,2
5210,1
5211,1
5212,1
5213,1
5214,3
5215,1
5216,1
5217,1
5218,1
5219,1
5220,3
5221,1
5222,2
5223,1
5224,1
5225,1
5226,1
5227,1
5228,3
5229,3
5230,0
5231,1
5232,1
5233,4
5234,1
5235,1
5236,1
5237,1
5238,1
5239,3
5240,0
5241,4
5242,1
5243,1
5244,1
5245,0
5246,1
5247,3
5248,2
5249,0
5250,1
5251,3
5252,2
5253,0
5254,1
5255,1
5256,1
5257,2
5258,3
5259,0
5260,1
5261,1
5262,0
5263,1
5264,3
5265,1
5266,3
5267,0
5268,3
5269,3
5270,1
5271,1
5272,1
5273,3
5274,1
5275,2
5276,3
5277,3
5278,4
5279,4
5280,4
5281,0
5282,1
5283,1
5284,4
5285,1
5286,1
5287,0
5288,1
5289,0
5290,2
5291,1
5292,1
5293,1
5294,1
5295,2
5296,3
5297,0
5298,4
5299,2
5300,2
5301,2
5302,0
5303,2
5304,1
5305,1
5306,1
5307,1
5308,1
5309,1
5310,0
5311,1
5312,1
5313,1
5314,1
5315,1
5316,1
5317,1
5318,1
5319,1
5320,1
5321,4
5322,2
5323,1
5324,1
5325,4
5326,4
5327,4
5328,4
5329,1
5330,1
5331,1
5332,4
5333,1
5334,0
5335,4
5336,4
5337,1
5338,4
5339,4
5340,4
5341,4
5342,4
5343,4
5344,4
5345,1
5346,4
5347,4
5348,4
5349,4
5350,4
5351,4
5352,4
5353,4
5354,4
5355,4
5356,4
5357,4
5358,2
5359,4
5360,4
5361,4
5362,0
5363,0
5364,4
5365,2
5366,4
5367,4
5368,4
5369,4
5370,4
5371,4
5372,4
5373,4
5374,0
5375,1
5376,4
5377,4
5378,4
5379,4
5380,1
5381,4
5382,4
5383,1
5384,4
5385,4
5386,1
5387,4
5388,4
5389,4
5390,4
5391,2
5392,4
5393,4
5394,4
5395,0
5396,0
5397,1
5398,0
5399,2
5400,4
5401,4
5402,4
5403,4
5404,4
5405,4
5406,4
5407,1
5408,4
5409,4
5410,4
5411,4
5412,1
5413,4
5414,4
5415,4
5416,4
5417,4
5418,4
5419,3
5420,4
5421,4
5422,1
5423,0
5424,4
5425,4
5426,4
5427,1
5428,4
5429,4
5430,4
5431,4
5432,2
5433,4
5434,4
5435,4
5436,4
5437,4
5438,4
5439,4
5440,4
5441,4
5442,4
5443,4
5444,4
5445,4
5446,1
5447,1
5448,2
5449,4
5450,4
5451,4
5452,4
5453,4
5454,4
5455,4
5456,4
5457,0
5458,4
5459,4
5460,4
5461,4
5462,4
5463,4
5464,0
5465,4
5466,4
5467,0
5468,4
5469,4
5470,2
5471,4
5472,4
5473,0
5474,1
5475,4
5476,4
5477,4
5478,4
5479,4
5480,4
5481,4
5482,1
5483,4
5484,1
5485,4
5486,4
5487,1
5488,3
5489,2
5490,0
5491,0
5492,4
5493,1
5494,4
5495,0
5496,4
5497,1
5498,0
5499,4
5500,4
5501,4
5502,4
5503,4
5504,2
5505,4
5506,4
5507,4
5508,4
5509,4
5510,1
5511,0
5512,1
5513,4
5514,4
5515,4
5516,1
5517,2
5518,4
5519,4
5520,0
5521,4
5522,4
5523,4
5524,4
5525,4
5526,4
5527,2
5528,1
5529,4
5530,4
5531,4
5532,4
5533,1
5534,4
5535,4
5536,4
5537,0
5538,4
5539,4
5540,4
5541,1
5542,4
5543,4
5544,4
5545,4
5546,4
5547,4
5548,4
5549,4
5550,4
5551,1
5552,4
5553,4
5554,4
5555,4
5556,4
5557,4
5558,4
5559,4
5560,4
5561,0
5562,4
5563,4
5564,0
5565,4
5566,4
5567,0
5568,4
5569,4
5570,4
5571,4
5572,4
5573,4
5574,4
5575,1
5576,4
5577,4
5578,4
5579,4
5580,4
5581,4
5582,4
5583,4
5584,4
5585,4
5586,2
5587,1
5588,4
5589,4
5590,4
5591,4
5592,1
5593,4
5594,4
5595,1
5596,0
5597,4
5598,4
5599,4
5600,4
5601,4
5602,1
5603,4
5604,0
5605,4
5606,4
5607,4
5608,2
5609,4
5610,1
5611,0
5612,4
5613,4
5614,0
5615,4
5616,4
5617,4
5618,4
5619,4
5620,4
5621,4
5622,4
5623,4
5624,1
5625,4
5626,4
5627,0
5628,4
5629,4
5630,0
5631,4
5632,4
5633,0
5634,4
5635,4
5636,0
5637,4
5638,4
5639,4
5640,4
5641,4
5642,4
5643,4
5644,4
5645,4
5646,4
5647,4
5648,4
5649,2
5650,4
5651,4
5652,4
5653,4
5654,4
5655,4
5656,4
5657,4
5658,4
5659,0
5660,4
5661,4
5662,4
5663,4
5664,4
5665,4
5666,4
5667,4
5668,4
5669,4
5670,4
5671,4
5672,4
5673,4
5674,0
5675,4
5676,4
5677,4
5678,4
5679,4
5680,4
5681,4
5682,4
5683,3
5684,4
5685,0
5686,1
5687,4
5688,4
5689,1
5690,4
5691,4
5692,4
5693,4
5694,4
5695,0
5696,4
5697,4
5698,4
5699,4
5700,4
5701,4
5702,4
5703,4
5704,4
5705,4
5706,4
5707,4
5708,4
5709,4
5710,0
5711,4
5712,2
5713,4
5714,4
5715,4
5716,4
5717,4
5718,0
5719,4
5720,4
5721,4
5722,4
5723,4
5724,0
5725,4
5726,3
5727,4
5728,4
5729,4
5730,1
5731,1
5732,4
5733,4
5734,0
5735,1
5736,1
5737,0
5738,1
5739,3
5740,1
5741,3
5742,4
5743,0
5744,1
5745,1
5746,0
5747,1
5748,0
5749,1
5750,1
5751,1
5752,3
5753,2
5754,1
5755,1
5756,1
5757,1
5758,4
5759,3
5760,4
5761,4
5762,4
5763,4
5764,4
5765,4
5766,4
5767,0
5768,4
5769,4
5770,1
5771,3
5772,1
5773,1
5774,1
5775,1
5776,0
5777,1
5778,3
5779,1
5780,0
5781,1
5782,1
5783,0
5784,1
5785,1
5786,1
5787,1
5788,3
5789,1
5790,4
5791,3
5792,1
5793,0
5794,0
5795,0
5796,2
5797,1
5798,4
5799,1
5800,3
5801,1
5802,3
5803,1
5804,1
5805,1
5806,1
5807,3
5808,1
5809,1
5810,1
5811,4
5812,1
5813,2
5814,3
5815,1
5816,4
5817,3
5818,1
5819,4
5820,1
5821,1
5822,1
5823,1
5824,1
5825,0
5826,1
5827,0
5828,4
5829,3
5830,0
5831,3
5832,2
5833,1
5834,4
5835,1
5836,3
5837,1
5838,4
5839,1
5840,3
5841,3
5842,1
5843,4
5844,4
5845,3
5846,3
5847,1
5848,4
5849,1
5850,4
5851,1
5852,3
5853,4
5854,1
5855,0
5856,4
5857,3
5858,1
5859,3
5860,4
5861,1
5862,1
5863,0
5864,3
5865,1
5866,1
5867,1
5868,2
5869,1
5870,4
5871,1
5872,1
5873,3
5874,1
5875,4
5876,0
5877,1
5878,4
5879,1
5880,1
5881,1
5882,1
5883,4
5884,3
5885,4
5886,4
5887,2
5888,4
5889,4
5890,1
5891,4
5892,1
5893,1
5894,1
5895,2
5896,0
5897,1
5898,1
5899,1
5900,1
5901,1
5902,3
5903,4
5904,2
5905,3
5906,1
5907,1
5908,3
5909,1
5910,3
5911,0
5912,1
5913,1
5914,1
5915,1
5916,1
5917,0
5918,1
5919,1
5920,3
5921,0
5922,4
5923,0
5924,1
5925,4
5926,1
5927,1
5928,1
5929,4
5930,1
5931,2
5932,2
5933,1
5934,4
5935,4
5936,4
5937,3
5938,2
5939,2
5940,4
5941,4
5942,3
5943,4
5944,3
5945,2
5946,2
5947,4
5948,0
5949,4
